10 10
50 61 62 32 12 12 50 4 89 57
152470086 244140625 233120826 1 622298888 282475249 134217728 201969587 2 842795988
34792 303913439 1 375432285 814059445 576732421 982401125 288337211 347022383 39916800
120 712929302 246333547 891611251 295273553 563011507 887141 247088444 24 686368502
738929201 233376501 387420489 880490028 282475249 1 290773254 39916800 623849732 588875781
356797839 902494 526178 418394 1000000000 40320 668183 828465 74704804 198996041
165492849 1 3628800 736922412 749317026 680102867 713903 510779264 454174 241171289
268435456 536870912 720 244140625 321056531 170726 117849823 720 909462612 895061022
1 2 662086847 9981469 167946685 624935306 363239374 34368 22250924 120
928047257 362797056 284548901 387420489 39916800 795802775 866588048 35037870 815411151 1
362880 645845309 122964526 910592373 282475249 33626381 362797056 2 479001600 376789677