10 10
89 2 73 91 8 50 68 48 44 58
479001600 6 901496429 663126523 3628800 120 5040 40320 6 705956879
24 296905933 120 623622724 298203022 720 367651087 720 720 103940491
3628800 368067507 40320 706008179 2 24 749326088 2 927805000 2
826693193 39314539 512395999 2 5040 24 793860143 39916800 123066866 557622310
392729540 371607400 958828313 479001600 39916800 2 24 34802545 741759721 120
2 449450981 40320 580278059 3628800 2 40320 5040 2 2
5040 427667259 362880 3628800 715788024 2 120 5040 120 5040
2 2 2 730489049 339060815 5040 362880 40320 720 3628800
83353343 2 2 5040 323562409 120 6 40320 59836259 2
941319575 173371801 2 39916800 789192219 920846492 2 2 479001600 683297695