10 10
24 9 3 15 11 2 43 76 35 91
94933 969107 720 1 911236 17369 359891 486091 556458 625371
233285 925120 5040 482779 5040 155495 288293 4624 870056 794086
751774 65997 118414 120 973340 317829 262144 531441 832096 141152
911386 841197 1 959109 765708 576728 454425 974106 462698 6
242825 720 287847 262144 393265 629043 222230 298685 381963 129600
909925 823543 531296 16117 132792 506073 1 7388 279936 524288
393929 390625 244700 570588 905085 524288 531441 493938 483435 148350
202812 120 955403 189939 1 778899 906632 5040 16704 188335
270704 475644 864734 102620 2 361048 954459 818790 415805 323930
980372 148097 117558 247671 1 910604 1 120 557199 809385