10 10
87 60 51 35 78 60 33 39 23 63
647942621 244203 709276543 219615307 362797056 536870912 488936760 423366384 423040 387420489
282475249 589651591 112999297 971178797 16372152 202628 318963 387420489 464307 268435456
679619465 529283 387420489 592080 282475249 347600608 333479 962659 483275085 613647097
563328747 268435456 324368 282475249 469819469 177004 406280779 282475249 230231492 392852
690647200 454466 326201917 724321 129019170 617598 625428697 254872533 919791 601692057
362797056 217370 959887250 325302 282475249 867623 159681970 782137550 4 480400740
853989 32053 1000000000 268435456 36883620 684381781 602959 553890295 107040235 689875051
995153737 536870912 373645737 577376103 910446386 404092483 200786908 536870912 4 1000000000
892178783 768739 536870912 876578177 92590323 827984539 801944101 648708 134217728 742852328
1000000000 4 290821517 612416469 134217728 961347349 678328 448164994 221668229 967698