20
204 2 928526
125 3 65 112 177 43 52 74 31 82 54 86 199 58 170 142 110 40 21 98 75 57 49 4 89 146 33 180 11 123 38 196 84 28 174 104 186 116 68 167 51 55 133 92 50 141 77 188 87 105 163 13 132 137 16 108 95 111 107 135 64 69 80 201 1 18 144 159 63 113 7 36 172 99 178 160 171 76 161 148 153 187 44 176 149 156 78 173 25 200 41 131 10 61 73 154 20 37 14 139 143 71 34 46 145 165 2 193 88 138 56 100 70 66 29 157 124 197 194 23 45 47 130 24 152 114 102 53 127 35 191 136 17 150 62 184 42 12 72 185 93 151 59 118 27 204 120 128 189 22 96 192 32 103 134 81 126 202 97 67 101 175 203 60 6 90 106 181 198 169 155 19 164 9 85 162 15 94 119 109 190 147 140 158 129 39 26 5 121 30 117 179 83 115 168 91 166 183 48 182 79 122 195 8
-1 -1 -1 -1 -1 -1 -1 0 -1 -1 -1 -1 -1 -1 -1 -1 -1 -1 -1 -1 -1 -1 -1 -1 -1 -1 -1 -1 -1 -1 -1 -1 -1 -1 -1 -1 -1 -1 -1 -1 -1 -1 -1 -1 -1 -1 -1 -1 -1 -1 -1 -1 -1 -1 -1 -1 -1 -1 -1 -1 -1 -1 -1 -1 -1 -1 -1 -1 -1 -1 -1 -1 -1 -1 -1 -1 -1 -1 -1 -1 -1 -1 -1 -1 -1 -1 -1 -1 -1 -1 -1 -1 -1 -1 -1 -1 -1 -1 -1 -1 -1 -1 -1 -1 -1 -1 -1 -1 -1 -1 -1 -1 -1 -1 -1 -1 -1 -1 -1 -1 -1 -1 -1 -1 -1 -1 -1 -1 -1 -1 -1 -1 -1 -1 -1 -1 -1 -1 -1 -1 -1 -1 -1 -1 -1 -1 -1 -1 -1 -1 -1 -1 -1 -1 -1 -1 -1 -1 -1 -1 -1 -1 -1 -1 -1 -1 -1 -1 -1 -1 -1 -1 -1 -1 -1 -1 -1 -1 -1 -1 -1 -1 -1 -1 -1 -1 -1 -1 -1 -1 -1 -1 -1 -1 -1 -1 -1 -1 -1 -1 -1 -1 -1 -1
84 1 915997
69 73 53 24 63 12 71 46 9 50 6 68 35 31 25 15 57 28 84 51 4 83 78 30 75 36 22 2 29 26 66 76 45 74 55 79 48 18 32 67 41 82 39 58 21 23 54 19 17 8 81 61 11 64 80 72 5 40 1 42 33 44 13 52 7 37 43 56 49 3 34 14 38 77 60 70 62 10 27 65 47 59 16 20
-1 -1 -1 -1 -1 -1 -1 -1 -1 -1 -1 -1 -1 -1 -1 -1 -1 -1 -1 466 -1 -1 -1 -1 -1 -1 -1 -1 -1 -1 -1 -1 -1 -1 -1 -1 -1 -1 -1 -1 -1 -1 -1 -1 -1 -1 -1 -1 -1 -1 -1 -1 -1 -1 -1 -1 -1 -1 -1 -1 -1 -1 -1 -1 -1 -1 -1 -1 -1 -1 -1 -1 -1 -1 -1 -1 -1 -1 -1 -1 -1 -1 -1 -1
270 1 514051
66 60 53 47 172 116 174 257 241 143 88 196 78 195 259 8 13 242 6 171 260 266 34 204 3 136 129 229 219 31 163 153 205 25 90 63 240 239 123 127 124 58 9 139 170 70 145 166 99 26 211 208 138 130 161 209 12 103 10 144 30 236 248 95 182 15 185 50 132 54 194 187 97 37 122 222 126 165 173 101 110 254 186 225 244 20 94 109 148 160 43 65 41 51 108 137 117 192 265 128 69 262 245 256 247 149 44 62 59 107 218 83 217 16 42 89 85 5 57 183 14 151 68 73 118 35 246 191 72 86 79 81 231 74 193 175 77 264 235 84 178 180 227 162 253 181 179 96 234 189 169 100 92 125 263 146 105 198 270 119 215 220 49 199 141 18 32 11 17 214 7 216 40 206 71 131 87 24 39 76 269 38 29 52 21 111 159 164 152 2 80 113 150 207 200 176 243 48 27 114 19 251 221 157 134 120 167 36 210 56 102 106 226 212 142 261 33 28 223 1 64 4 250 249 268 121 190 233 46 202 238 230 140 158 104 147 135 115 61 188 45 168 201 255 155 93 154 156 213 82 228 22 67 224 184 237 75 267 112 197 203 177 252 98 91 55 258 232 23 133
-1 -1 -1 -1 -1 -1 -1 -1 -1 -1 -1 -1 -1 -1 -1 -1 -1 -1 -1 -1 -1 -1 -1 -1 -1 -1 -1 -1 -1 -1 -1 -1 -1 -1 -1 -1 -1 -1 -1 -1 -1 -1 -1 -1 -1 -1 -1 -1 -1 -1 -1 -1 -1 -1 -1 -1 -1 -1 -1 -1 -1 -1 -1 -1 -1 -1 -1 -1 -1 -1 -1 -1 -1 -1 -1 -1 -1 -1 -1 -1 -1 -1 -1 -1 -1 -1 -1 -1 -1 -1 -1 -1 -1 -1 -1 -1 -1 -1 -1 -1 -1 -1 -1 -1 -1 -1 -1 -1 -1 -1 -1 -1 -1 -1 -1 -1 -1 -1 -1 -1 -1 -1 -1 -1 -1 -1 -1 -1 -1 -1 -1 -1 3146 -1 -1 -1 -1 -1 -1 -1 -1 -1 -1 -1 -1 -1 -1 -1 -1 -1 -1 -1 -1 -1 -1 -1 -1 -1 -1 -1 -1 -1 -1 -1 -1 -1 -1 -1 -1 -1 -1 -1 -1 -1 -1 -1 -1 -1 -1 -1 -1 -1 -1 -1 -1 -1 -1 -1 -1 -1 -1 -1 -1 -1 -1 -1 -1 -1 -1 -1 -1 -1 -1 -1 -1 -1 -1 -1 -1 -1 -1 -1 -1 -1 -1 -1 -1 -1 -1 -1 -1 -1 -1 -1 -1 -1 -1 -1 -1 -1 -1 -1 -1 -1 -1 -1 -1 -1 -1 -1 -1 -1 -1 -1 -1 -1 -1 -1 -1 -1 -1 -1 -1 -1 -1 -1 -1 -1 -1 -1 -1 -1 -1 -1 -1 -1 -1 -1 -1 -1
449 2 737069
323 30 60 32 110 207 155 388 99 368 164 257 126 359 94 442 242 39 233 331 138 53 382 210 270 193 136 101 192 393 5 168 190 102 119 350 390 100 430 23 397 415 279 123 348 291 142 244 283 44 281 37 9 380 103 298 345 258 199 88 47 349 78 239 179 230 282 1 68 188 122 27 167 16 93 429 253 256 303 209 213 318 265 147 71 271 73 217 86 437 277 34 125 333 149 20 232 222 280 133 170 4 79 276 52 41 185 81 338 310 227 158 339 228 174 200 83 443 383 371 187 399 423 118 3 143 266 269 57 35 203 98 343 49 112 151 194 69 165 63 42 214 296 249 224 341 407 140 12 13 248 356 54 109 327 124 267 367 31 260 56 307 150 305 80 7 43 375 358 204 65 107 301 128 299 251 404 302 406 131 202 223 134 152 72 366 440 431 77 10 351 400 121 22 245 48 433 87 160 317 162 284 325 148 446 92 412 75 396 135 62 70 275 326 104 236 211 438 29 234 360 206 434 355 117 114 59 116 439 169 272 25 274 67 45 74 425 346 300 328 316 171 414 320 405 293 105 156 130 51 381 340 424 18 285 97 416 321 378 173 139 177 219 146 237 157 261 218 141 153 372 198 163 436 377 182 137 28 115 220 95 408 262 212 26 145 422 82 201 427 294 361 90 19 448 337 444 195 191 6 449 8 221 319 410 418 290 241 14 387 263 384 342 46 413 347 292 336 370 33 322 297 428 385 421 329 306 354 432 108 180 111 268 309 15 132 357 229 186 402 386 334 420 259 196 208 419 344 391 58 273 238 304 409 21 205 403 435 2 426 287 278 17 64 129 235 175 181 311 312 189 373 255 308 252 225 369 76 411 330 36 365 389 324 362 113 183 24 106 197 243 184 264 178 144 250 332 40 120 417 231 61 215 401 379 376 66 91 315 441 226 166 89 353 85 11 395 394 154 289 392 447 335 352 288 55 363 50 445 364 246 295 38 161 247 216 127 240 96 286 254 159 172 176 84 314 398 313 374
-1 -1 -1 -1 -1 -1 -1 -1 -1 -1 -1 -1 -1 -1 -1 -1 -1 -1 -1 -1 -1 -1 -1 -1 -1 -1 -1 -1 -1 -1 -1 -1 -1 -1 -1 -1 -1 -1 -1 -1 -1 -1 -1 -1 -1 -1 -1 -1 -1 -1 -1 -1 -1 -1 -1 -1 -1 -1 -1 -1 -1 -1 -1 -1 -1 -1 -1 -1 -1 -1 -1 -1 -1 -1 -1 -1 -1 -1 -1 -1 -1 -1 -1 -1 -1 -1 -1 -1 -1 -1 -1 -1 -1 -1 -1 -1 -1 -1 -1 -1 -1 -1 -1 -1 -1 -1 -1 -1 -1 -1 -1 -1 -1 -1 -1 -1 -1 -1 -1 -1 -1 -1 -1 -1 -1 -1 -1 -1 -1 -1 -1 -1 -1 -1 -1 -1 -1 -1 -1 -1 -1 -1 -1 -1 -1 -1 -1 -1 -1 -1 -1 -1 -1 -1 -1 -1 -1 -1 -1 -1 -1 -1 -1 -1 -1 -1 -1 -1 -1 -1 -1 -1 -1 -1 -1 -1 -1 -1 -1 -1 -1 -1 -1 -1 -1 -1 -1 -1 -1 -1 -1 -1 -1 -1 -1 -1 -1 -1 -1 -1 -1 -1 -1 -1 -1 -1 -1 -1 -1 -1 -1 -1 -1 -1 -1 -1 -1 -1 -1 -1 -1 -1 -1 -1 -1 -1 -1 -1 -1 -1 -1 -1 -1 -1 -1 -1 -1 -1 -1 -1 -1 -1 -1 -1 -1 -1 -1 -1 -1 -1 -1 -1 -1 -1 -1 -1 -1 -1 -1 -1 -1 -1 -1 -1 -1 -1 -1 -1 -1 -1 -1 -1 -1 -1 -1 -1 -1 -1 -1 -1 -1 -1 -1 -1 -1 -1 -1 -1 -1 -1 -1 -1 -1 -1 -1 -1 -1 -1 -1 -1 -1 -1 -1 -1 -1 -1 -1 -1 -1 -1 -1 -1 -1 -1 -1 -1 -1 -1 -1 -1 -1 -1 -1 -1 -1 -1 -1 -1 -1 -1 -1 -1 -1 -1 -1 -1 -1 -1 -1 -1 -1 -1 -1 -1 -1 -1 -1 -1 -1 -1 -1 -1 -1 -1 -1 -1 -1 -1 -1 -1 -1 -1 -1 -1 -1 -1 -1 -1 -1 -1 -1 -1 -1 0 -1 -1 -1 -1 -1 -1 -1 -1 -1 -1 -1 -1 -1 -1 -1 -1 -1 -1 -1 -1 -1 -1 -1 -1 -1 -1 -1 -1 -1 -1 -1 -1 -1 -1 -1 -1 -1 -1 -1 -1 -1 -1 -1 -1 -1 -1 -1 -1 -1 -1 -1 -1 -1 -1 -1 -1 -1 -1 -1 -1 -1 -1 -1 -1 -1 -1 -1 -1 -1 -1 -1 -1 -1 -1 -1
280 2 271553
225 2 233 261 18 175 215 180 85 140 109 161 66 57 260 31 227 60 63 46 203 136 162 236 68 204 77 126 27 3 154 47 102 222 61 189 6 251 100 253 145 196 83 240 135 127 71 231 37 157 67 147 82 115 264 70 234 7 193 19 93 209 208 107 118 280 182 23 1 95 275 217 192 86 10 218 259 119 69 242 178 137 252 212 84 65 257 30 279 129 164 244 247 228 20 226 52 131 116 5 122 187 74 142 211 64 176 39 160 128 183 198 156 24 200 123 269 29 272 22 34 51 246 229 26 191 79 230 273 41 163 110 9 188 73 141 256 239 139 194 120 13 124 213 214 53 155 190 277 36 94 166 105 76 237 220 104 186 91 35 171 172 241 25 266 78 255 113 170 219 87 14 210 223 248 258 144 43 168 40 62 42 169 133 92 80 174 250 106 54 8 173 125 49 59 4 134 243 177 262 17 99 184 267 150 199 33 195 75 278 98 55 167 138 130 89 21 111 216 221 148 12 149 249 263 50 28 235 143 90 114 45 245 232 38 181 270 185 159 165 276 44 206 132 158 48 72 112 11 271 268 265 16 96 197 254 103 117 238 274 205 15 121 97 152 56 101 81 108 224 201 153 151 88 58 207 202 179 32 146
-1 -1 -1 -1 -1 -1 -1 -1 -1 -1 -1 -1 -1 -1 -1 -1 -1 -1 -1 -1 -1 -1 -1 -1 -1 -1 -1 -1 -1 -1 -1 -1 -1 -1 -1 -1 -1 -1 -1 -1 -1 -1 -1 -1 -1 -1 -1 -1 -1 -1 -1 -1 -1 -1 -1 -1 -1 -1 -1 -1 -1 -1 -1 -1 -1 -1 -1 -1 -1 -1 -1 -1 -1 -1 -1 -1 -1 -1 -1 -1 -1 -1 -1 -1 -1 -1 -1 -1 -1 -1 -1 -1 -1 -1 -1 -1 -1 -1 -1 -1 -1 -1 -1 -1 -1 -1 -1 -1 -1 -1 -1 -1 -1 -1 -1 -1 -1 -1 -1 -1 -1 -1 -1 -1 -1 -1 -1 -1 -1 -1 -1 -1 -1 -1 -1 -1 -1 -1 -1 -1 -1 -1 -1 -1 -1 0 -1 -1 -1 -1 -1 -1 -1 -1 -1 -1 -1 -1 -1 -1 -1 -1 -1 -1 -1 -1 -1 -1 -1 -1 -1 -1 -1 -1 -1 -1 -1 -1 -1 -1 -1 -1 -1 -1 -1 -1 -1 -1 -1 -1 -1 -1 -1 -1 -1 -1 -1 -1 -1 -1 -1 -1 -1 -1 -1 -1 -1 -1 -1 -1 -1 -1 -1 -1 -1 -1 -1 -1 -1 -1 -1 -1 -1 -1 -1 -1 -1 -1 -1 -1 -1 -1 -1 -1 -1 -1 -1 -1 -1 -1 -1 -1 -1 -1 -1 -1 -1 -1 -1 -1 -1 -1 -1 -1 -1 -1 -1 -1 -1 -1 -1 -1 -1 -1 -1 -1 -1 -1 -1 -1 -1 -1 -1 -1 -1 -1 -1 -1 -1 -1
149 2 980511
11 119 104 89 71 121 127 9 8 18 95 24 140 133 13 51 65 113 49 60 15 53 132 107 131 141 88 102 148 112 17 31 75 27 97 96 40 145 139 22 66 35 34 39 147 5 110 62 73 84 4 33 72 59 25 67 2 100 130 16 114 48 105 124 63 128 77 144 1 122 32 41 94 64 28 109 92 76 10 108 101 93 61 3 21 7 99 111 149 135 38 126 57 86 85 117 142 87 14 58 82 42 98 118 106 12 138 68 123 43 29 69 116 129 19 78 90 47 143 125 45 23 136 146 6 120 54 137 46 83 56 134 37 91 55 81 30 103 50 44 70 36 79 52 80 20 26 74 115
-1 -1 -1 -1 -1 -1 -1 -1 -1 -1 -1 -1 -1 -1 -1 -1 -1 -1 -1 -1 -1 -1 -1 -1 -1 -1 -1 -1 -1 -1 -1 -1 -1 -1 -1 -1 -1 -1 -1 -1 -1 -1 -1 -1 -1 -1 -1 -1 -1 -1 -1 -1 -1 -1 -1 -1 -1 -1 -1 -1 -1 -1 -1 -1 -1 -1 -1 -1 -1 -1 -1 -1 -1 -1 -1 -1 -1 -1 -1 -1 -1 -1 -1 -1 -1 -1 -1 -1 -1 -1 -1 -1 -1 -1 -1 -1 -1 -1 -1 -1 -1 -1 -1 -1 -1 -1 -1 -1 -1 -1 -1 -1 -1 -1 0 -1 -1 -1 -1 -1 -1 -1 -1 -1 -1 -1 -1 -1 -1 -1 -1 -1 -1 -1 -1 -1 -1 -1 -1 -1 -1 -1 -1 -1 -1 -1 -1 -1 -1
404 1 545487
253 103 155 11 320 65 191 180 261 258 141 296 212 403 13 70 197 49 234 341 245 92 342 315 404 42 232 216 240 166 140 59 371 199 318 402 260 304 275 290 215 319 46 338 332 280 32 31 109 322 101 355 114 353 88 243 281 210 325 33 311 85 233 394 194 110 251 291 381 121 164 6 5 112 248 293 385 360 35 263 344 362 75 17 142 302 286 328 285 4 350 329 104 395 64 175 264 149 111 78 349 365 397 20 119 178 91 23 401 323 229 316 359 136 331 80 168 165 266 308 128 303 337 259 352 181 239 25 339 235 40 82 132 67 105 97 41 193 145 21 391 370 295 347 173 214 312 398 399 27 151 34 89 393 247 287 36 357 257 203 158 83 388 364 162 163 378 51 192 300 7 18 45 102 343 54 373 265 283 3 386 276 72 317 187 250 28 363 29 390 374 237 222 144 16 186 294 269 335 400 324 326 74 221 79 297 12 213 223 57 22 169 95 133 37 321 298 252 26 48 98 183 62 39 301 146 38 375 147 156 60 182 330 340 279 76 219 177 231 139 382 336 208 273 129 228 278 174 218 90 55 184 10 152 242 226 354 137 379 346 30 86 396 52 124 358 206 172 205 15 154 309 150 271 69 176 53 249 100 367 377 255 369 306 185 277 81 61 161 274 202 9 123 211 125 314 179 307 333 334 87 305 134 84 130 117 272 392 148 224 170 230 299 66 282 256 380 204 236 267 270 225 188 19 58 209 160 351 14 361 167 310 383 376 268 1 93 108 107 288 116 73 135 94 284 77 63 313 157 254 198 190 289 262 189 220 8 96 356 2 126 292 68 122 24 143 246 238 118 43 372 127 56 196 115 227 366 171 120 71 106 195 387 113 327 153 99 368 244 50 348 138 201 131 44 207 345 200 384 159 389 47 241 217
-1 -1 -1 -1 -1 -1 -1 -1 -1 -1 -1 -1 -1 -1 -1 -1 -1 -1 -1 -1 -1 -1 -1 -1 -1 -1 -1 -1 -1 -1 -1 -1 -1 -1 -1 -1 -1 -1 -1 -1 -1 -1 -1 -1 -1 -1 -1 -1 -1 -1 -1 -1 -1 -1 -1 -1 -1 -1 -1 -1 -1 -1 -1 -1 -1 -1 -1 -1 -1 -1 -1 -1 -1 -1 -1 -1 -1 -1 -1 -1 -1 -1 -1 -1 -1 -1 -1 -1 -1 -1 -1 -1 -1 -1 -1 -1 -1 -1 -1 -1 -1 -1 -1 -1 -1 -1 -1 -1 -1 -1 -1 -1 -1 -1 -1 -1 -1 -1 -1 -1 -1 -1 -1 -1 -1 -1 -1 -1 -1 -1 -1 -1 -1 -1 -1 -1 -1 -1 -1 -1 -1 -1 -1 -1 -1 -1 -1 -1 -1 -1 -1 -1 -1 -1 -1 -1 -1 -1 -1 -1 -1 -1 -1 -1 -1 -1 -1 -1 -1 -1 -1 -1 -1 -1 -1 -1 -1 -1 -1 -1 -1 -1 -1 -1 -1 -1 -1 -1 -1 -1 -1 -1 -1 -1 -1 -1 -1 -1 -1 -1 -1 -1 -1 -1 -1 -1 -1 -1 -1 -1 -1 -1 -1 -1 -1 -1 1167 -1 -1 -1 -1 -1 -1 -1 -1 -1 -1 -1 -1 -1 -1 -1 -1 -1 -1 -1 -1 -1 -1 -1 -1 -1 -1 -1 -1 -1 -1 -1 -1 -1 -1 -1 -1 -1 -1 -1 -1 -1 -1 -1 -1 -1 -1 -1 -1 -1 -1 -1 -1 -1 -1 -1 -1 -1 -1 -1 -1 -1 -1 -1 -1 -1 -1 -1 -1 -1 -1 -1 -1 -1 -1 -1 -1 -1 -1 -1 -1 -1 -1 -1 -1 -1 -1 -1 -1 -1 -1 -1 -1 -1 -1 -1 -1 -1 -1 -1 -1 -1 -1 -1 -1 -1 -1 -1 -1 -1 -1 -1 -1 -1 -1 -1 -1 -1 -1 -1 -1 -1 -1 -1 -1 -1 -1 -1 -1 -1 -1 -1 -1 -1 -1 -1 -1 -1 -1 -1 -1 -1 -1 -1 -1 -1 -1 -1 -1 -1 -1 -1 -1 -1 -1 -1 -1 -1 -1 -1 -1 -1 -1 -1 -1 -1 -1 -1 -1 -1 -1 -1 -1 -1 -1 -1 -1 -1 -1 -1 -1 -1 -1 -1 -1 -1 -1 -1
427 1 211091
36 49 141 384 196 338 25 40 251 324 361 109 200 426 316 265 400 189 214 180 240 67 401 269 309 195 128 357 296 377 394 289 236 364 380 73 170 263 283 275 175 382 227 103 224 390 129 350 54 407 328 321 266 292 233 279 146 39 348 327 232 158 60 139 98 105 113 151 138 374 87 101 243 405 221 117 212 47 202 142 219 31 186 286 115 140 61 16 311 254 144 45 193 223 288 94 230 242 137 241 418 398 75 148 220 114 239 97 23 261 358 44 100 246 330 99 6 53 396 363 249 238 165 62 354 260 226 201 218 351 132 208 312 256 80 90 336 203 127 367 355 194 147 372 107 18 308 121 22 38 334 416 356 34 375 55 191 270 41 197 120 70 82 32 406 7 11 217 339 317 281 72 371 235 403 222 267 215 271 300 323 343 365 29 373 344 157 178 420 209 182 213 376 303 276 417 111 252 315 359 205 104 52 389 331 325 419 5 247 345 294 257 301 285 26 64 24 68 167 174 77 125 423 78 143 131 28 185 287 329 57 362 166 313 352 199 110 332 134 156 190 413 408 74 164 204 349 278 149 1 378 181 12 229 19 386 86 347 337 152 255 15 9 280 273 17 187 184 346 172 395 14 10 342 360 84 234 387 381 293 130 341 415 124 409 188 379 370 176 231 119 305 262 391 63 368 35 122 160 277 169 207 89 284 179 8 392 353 155 410 42 153 171 102 326 404 299 145 304 340 421 37 65 318 71 163 290 95 228 106 161 248 314 385 258 13 335 216 48 307 51 154 81 173 295 88 427 112 108 244 412 92 393 210 264 297 237 46 59 20 268 319 2 58 76 397 133 402 135 424 245 66 93 50 291 320 383 333 302 96 21 422 3 388 162 118 298 159 425 253 192 136 414 322 168 116 306 183 27 225 4 150 33 411 83 282 91 366 126 259 250 206 123 177 198 56 43 79 211 310 399 85 274 369 30 272 69
-1 -1 -1 -1 -1 -1 -1 -1 -1 -1 -1 -1 -1 -1 -1 -1 -1 -1 -1 -1 -1 -1 -1 -1 -1 -1 -1 -1 -1 -1 -1 -1 -1 -1 -1 -1 -1 -1 -1 -1 -1 -1 -1 -1 -1 -1 -1 -1 -1 -1 -1 -1 -1 -1 -1 -1 -1 -1 -1 -1 -1 -1 -1 -1 -1 -1 -1 -1 227 -1 -1 -1 -1 -1 -1 -1 -1 -1 -1 -1 -1 -1 -1 -1 -1 -1 -1 -1 -1 -1 -1 -1 -1 -1 -1 -1 -1 -1 -1 -1 -1 -1 -1 -1 -1 -1 -1 -1 -1 -1 -1 -1 -1 -1 -1 -1 -1 -1 -1 -1 -1 -1 -1 -1 -1 -1 -1 -1 -1 -1 -1 -1 -1 -1 -1 -1 -1 -1 -1 -1 -1 -1 -1 -1 -1 -1 -1 -1 -1 -1 -1 -1 -1 -1 -1 -1 -1 -1 -1 -1 -1 -1 -1 -1 -1 -1 -1 -1 -1 -1 -1 -1 -1 -1 -1 -1 -1 -1 -1 -1 -1 -1 -1 -1 -1 -1 -1 -1 -1 -1 -1 -1 -1 -1 -1 -1 -1 -1 -1 -1 -1 -1 -1 -1 -1 -1 -1 -1 -1 -1 -1 -1 -1 -1 -1 -1 -1 -1 -1 -1 -1 -1 -1 -1 -1 -1 -1 -1 -1 -1 -1 -1 -1 -1 -1 -1 -1 -1 -1 -1 -1 -1 -1 -1 -1 -1 -1 -1 -1 -1 -1 -1 -1 -1 -1 -1 -1 -1 -1 -1 -1 -1 -1 -1 -1 -1 -1 -1 -1 -1 -1 -1 -1 -1 -1 -1 -1 -1 -1 -1 -1 -1 -1 -1 -1 -1 -1 -1 -1 -1 -1 -1 -1 -1 -1 -1 -1 -1 -1 -1 -1 -1 -1 -1 -1 -1 -1 -1 -1 -1 -1 -1 -1 -1 -1 -1 -1 -1 -1 -1 -1 -1 -1 -1 -1 -1 -1 -1 -1 -1 -1 -1 -1 -1 -1 -1 -1 -1 -1 -1 -1 -1 -1 -1 -1 -1 -1 -1 -1 -1 -1 -1 -1 -1 -1 -1 -1 -1 -1 -1 -1 -1 -1 -1 -1 -1 -1 -1 -1 -1 -1 -1 -1 -1 -1 -1 -1 -1 -1 -1 -1 -1 -1 -1 -1 -1 -1 -1 -1 -1 -1 -1 -1 -1 -1 -1 -1 -1 -1 -1 -1 -1 -1 -1 -1 -1 -1 -1 -1 -1 -1 -1 -1 -1 -1 -1 -1 -1 -1 -1 -1 -1 -1 -1 -1 -1 -1
41 2 977533
14 25 29 16 39 35 6 40 19 20 21 26 1 33 3 17 15 36 37 38 10 34 28 5 27 8 41 13 12 18 9 7 4 22 32 23 24 31 2 30 11
-1 -1 -1 -1 -1 -1 -1 -1 -1 -1 0 -1 -1 -1 -1 -1 -1 -1 -1 -1 -1 -1 -1 -1 -1 -1 -1 -1 -1 -1 -1 -1 -1 -1 -1 -1 -1 -1 -1 -1 -1
78 2 704159
8 34 33 11 56 14 13 77 63 38 72 10 46 23 4 51 5 32 73 66 58 62 40 59 29 16 42 55 20 22 31 75 37 68 50 21 35 69 2 49 45 78 19 3 67 70 18 15 9 76 48 24 47 39 52 36 65 7 12 44 28 26 53 41 6 27 60 57 17 74 30 1 61 64 54 71 43 25
-1 -1 -1 -1 -1 -1 -1 -1 -1 -1 -1 -1 -1 -1 -1 -1 -1 -1 -1 -1 -1 -1 -1 -1 0 -1 -1 -1 -1 -1 -1 -1 -1 -1 -1 -1 -1 -1 -1 -1 -1 -1 -1 -1 -1 -1 -1 -1 -1 -1 -1 -1 -1 -1 -1 -1 -1 -1 -1 -1 -1 -1 -1 -1 -1 -1 -1 -1 -1 -1 -1 -1 -1 -1 -1 -1 -1 -1
225 2 406213
160 203 202 176 32 213 54 41 156 6 84 171 109 138 222 7 64 33 129 159 75 216 137 103 91 92 78 106 81 99 130 223 200 173 125 204 27 147 77 24 105 73 85 154 210 194 29 207 93 215 191 221 94 15 74 139 38 18 192 196 70 20 201 37 162 36 127 58 161 57 13 16 1 142 113 167 145 224 185 172 60 214 148 52 163 9 56 86 134 19 150 206 39 182 149 152 187 66 205 35 107 119 100 69 153 68 183 23 190 83 110 62 136 87 47 10 11 65 164 76 165 98 143 59 135 96 28 186 189 168 89 144 21 88 166 2 198 61 116 44 114 118 108 8 131 178 184 122 140 193 50 151 121 22 31 67 101 174 170 34 80 102 72 45 133 97 71 55 104 90 155 17 123 188 158 40 177 51 53 212 42 4 112 63 46 117 128 218 14 43 126 220 82 179 115 111 181 180 146 25 169 211 197 132 26 219 195 30 209 217 5 12 3 124 225 157 120 49 79 48 95 208 141 175 199
-1 -1 -1 -1 -1 -1 -1 -1 -1 -1 -1 -1 -1 -1 -1 -1 -1 -1 -1 -1 -1 -1 -1 -1 -1 -1 -1 -1 -1 -1 -1 -1 -1 -1 -1 -1 -1 -1 -1 -1 -1 -1 -1 -1 -1 -1 -1 -1 -1 -1 -1 -1 -1 -1 -1 -1 -1 -1 -1 -1 -1 -1 -1 -1 -1 -1 -1 -1 -1 -1 -1 -1 -1 -1 -1 -1 -1 -1 -1 -1 -1 -1 -1 -1 -1 -1 -1 -1 -1 -1 -1 -1 -1 -1 -1 -1 -1 -1 -1 -1 -1 -1 -1 -1 -1 -1 -1 -1 -1 -1 -1 -1 -1 -1 -1 -1 -1 -1 -1 -1 -1 -1 -1 -1 -1 -1 -1 -1 -1 -1 -1 -1 -1 -1 -1 -1 -1 -1 -1 -1 -1 -1 -1 -1 -1 -1 -1 -1 -1 -1 -1 -1 -1 -1 -1 -1 -1 -1 -1 -1 -1 -1 -1 -1 -1 -1 -1 -1 -1 -1 -1 -1 -1 -1 -1 -1 -1 -1 -1 -1 -1 -1 -1 -1 -1 -1 -1 -1 -1 -1 -1 -1 -1 -1 -1 -1 -1 -1 0 -1 -1 -1 -1 -1 -1 -1 -1 -1 -1 -1 -1 -1 -1 -1 -1 -1 -1 -1 -1 -1 -1 -1 -1 -1 -1
42 2 29107
21 31 38 11 23 24 32 13 34 36 16 29 30 28 9 7 1 3 20 14 35 39 10 42 33 15 6 22 27 8 2 18 41 19 5 4 37 40 26 17 12 25
-1 -1 -1 -1 -1 -1 -1 -1 -1 -1 -1 -1 -1 -1 -1 -1 -1 -1 -1 -1 -1 -1 -1 -1 0 -1 -1 -1 -1 -1 -1 -1 -1 -1 -1 -1 -1 -1 -1 -1 -1 -1
107 2 286694
93 37 42 18 39 59 87 104 21 52 64 40 72 19 51 66 6 26 76 80 60 73 106 48 43 28 15 47 30 17 22 65 88 50 79 71 61 84 27 2 5 23 67 53 32 92 34 78 20 35 10 16 77 46 68 89 45 8 49 54 11 85 13 4 33 86 91 25 90 7 97 94 44 81 101 58 9 100 56 29 103 38 74 14 96 99 41 83 36 75 98 62 57 12 69 102 1 31 105 107 70 55 95 24 3 82 63
-1 -1 -1 -1 -1 -1 -1 -1 -1 -1 -1 -1 -1 -1 -1 -1 -1 -1 -1 -1 -1 -1 -1 -1 -1 -1 -1 -1 -1 -1 -1 -1 -1 -1 -1 -1 -1 -1 -1 -1 -1 -1 -1 -1 -1 -1 -1 -1 -1 -1 -1 -1 -1 -1 -1 -1 -1 -1 -1 -1 -1 -1 0 -1 -1 -1 -1 -1 -1 -1 -1 -1 -1 -1 -1 -1 -1 -1 -1 -1 -1 -1 -1 -1 -1 -1 -1 -1 -1 -1 -1 -1 -1 -1 -1 -1 -1 -1 -1 -1 -1 -1 -1 -1 -1 -1 -1
257 2 965117
165 236 239 94 43 45 83 145 142 247 65 8 150 172 177 54 74 115 48 88 90 160 32 206 250 148 136 151 25 11 134 182 123 73 38 70 164 132 210 22 176 195 180 24 197 179 81 80 222 223 82 106 149 139 5 95 205 216 110 248 126 29 98 26 34 91 99 241 227 79 184 6 37 129 215 189 221 155 208 159 39 28 224 35 173 211 23 249 15 218 31 202 1 87 214 112 196 231 60 2 52 71 152 171 170 58 14 245 188 107 257 162 230 20 77 50 168 198 108 157 4 158 130 174 120 207 114 226 13 213 191 118 201 27 30 125 169 220 219 153 234 10 185 138 75 105 42 204 109 122 44 84 49 17 19 7 237 186 194 135 217 137 154 199 233 9 47 238 97 127 193 141 144 156 246 146 53 111 167 57 62 203 209 69 133 121 89 117 192 21 67 190 96 229 103 63 166 253 235 16 178 140 93 18 240 33 56 41 225 244 116 243 36 212 255 252 181 78 228 143 101 104 256 76 161 68 64 251 61 187 100 86 92 40 131 119 55 254 124 46 3 128 59 102 163 51 72 200 183 147 66 242 232 12 85 113 175
-1 -1 -1 -1 -1 -1 -1 -1 -1 -1 -1 -1 -1 -1 -1 -1 -1 -1 -1 -1 -1 -1 -1 -1 -1 -1 -1 -1 -1 -1 -1 -1 -1 -1 -1 -1 -1 -1 -1 -1 -1 -1 -1 -1 -1 -1 -1 -1 -1 -1 -1 -1 -1 -1 -1 -1 -1 -1 -1 -1 -1 -1 -1 -1 -1 -1 -1 -1 -1 -1 -1 -1 -1 -1 -1 -1 -1 -1 -1 -1 -1 -1 -1 -1 -1 -1 -1 -1 -1 -1 -1 -1 -1 -1 -1 -1 -1 -1 -1 -1 -1 -1 -1 -1 -1 -1 -1 -1 -1 -1 -1 -1 -1 -1 -1 -1 -1 -1 -1 -1 -1 -1 -1 -1 -1 -1 -1 -1 -1 -1 -1 -1 -1 -1 -1 -1 -1 -1 -1 -1 -1 -1 -1 -1 -1 -1 -1 -1 -1 -1 -1 -1 -1 -1 -1 -1 -1 -1 -1 -1 -1 -1 -1 -1 -1 -1 -1 -1 -1 -1 -1 -1 -1 -1 0 -1 -1 -1 -1 -1 -1 -1 -1 -1 -1 -1 -1 -1 -1 -1 -1 -1 -1 -1 -1 -1 -1 -1 -1 -1 -1 -1 -1 -1 -1 -1 -1 -1 -1 -1 -1 -1 -1 -1 -1 -1 -1 -1 -1 -1 -1 -1 -1 -1 -1 -1 -1 -1 -1 -1 -1 -1 -1 -1 -1 -1 -1 -1 -1 -1 -1 -1 -1 -1 -1 -1 -1 -1 -1 -1 -1 -1 -1 -1 -1 -1 -1
394 1 795131
33 291 119 92 10 315 270 58 240 217 120 269 172 178 154 168 297 278 153 212 237 142 268 225 345 135 302 45 146 299 365 4 254 394 187 190 5 326 137 323 52 226 22 65 181 262 347 290 50 356 335 17 330 167 139 391 379 18 208 309 156 115 47 51 320 363 354 111 145 66 127 298 383 296 83 62 166 376 184 89 194 15 159 96 143 206 124 193 350 183 29 140 256 222 255 138 209 277 24 39 122 285 284 257 392 369 343 265 271 149 216 276 25 90 27 42 49 32 162 121 175 232 54 339 288 337 67 88 358 82 46 229 366 28 348 248 173 218 371 1 97 310 57 198 195 133 108 105 30 55 374 249 236 307 85 177 351 152 73 170 384 144 192 387 324 272 266 287 71 202 334 373 179 251 235 16 188 386 60 125 283 259 241 41 81 327 207 370 281 292 116 344 38 99 165 26 180 98 7 35 113 87 130 2 239 107 375 53 205 381 103 123 160 59 227 75 332 112 244 231 380 346 228 44 308 93 196 114 211 364 313 31 390 258 245 233 70 191 359 91 3 36 252 101 314 293 321 68 220 223 385 377 129 126 250 305 304 48 331 11 182 382 389 80 118 104 155 94 234 157 317 186 95 163 100 74 300 21 263 393 150 253 37 279 61 306 333 275 280 40 128 378 77 69 261 353 63 325 151 215 164 338 213 19 319 109 23 197 303 78 9 301 355 117 110 79 372 102 289 8 360 169 349 357 246 136 267 342 158 76 56 201 171 14 13 243 282 147 238 273 328 214 134 86 367 316 361 34 106 6 219 260 176 318 43 264 203 312 274 72 329 286 388 141 247 294 148 352 174 311 230 199 132 221 204 340 200 224 12 20 185 64 242 362 295 368 189 336 322 84 131 210 341 161
-1 -1 -1 -1 -1 -1 -1 -1 -1 -1 -1 -1 -1 -1 -1 -1 -1 -1 -1 -1 -1 -1 -1 -1 -1 -1 -1 -1 -1 -1 -1 -1 -1 -1 -1 -1 -1 -1 -1 -1 -1 -1 -1 -1 -1 -1 -1 -1 -1 -1 -1 -1 -1 -1 -1 -1 -1 -1 -1 -1 -1 -1 -1 -1 -1 -1 -1 -1 -1 -1 -1 -1 -1 -1 -1 -1 -1 -1 -1 -1 -1 -1 -1 -1 -1 -1 -1 -1 -1 -1 -1 -1 -1 -1 -1 -1 -1 -1 -1 -1 -1 -1 -1 -1 -1 -1 -1 -1 -1 -1 -1 -1 -1 -1 -1 -1 -1 -1 -1 -1 -1 -1 -1 -1 -1 -1 -1 -1 -1 -1 -1 -1 -1 -1 -1 -1 -1 -1 -1 -1 -1 -1 -1 -1 -1 -1 -1 -1 -1 -1 -1 -1 -1 -1 -1 -1 -1 -1 -1 -1 1382 -1 -1 -1 -1 -1 -1 -1 -1 -1 -1 -1 -1 -1 -1 -1 -1 -1 -1 -1 -1 -1 -1 -1 -1 -1 -1 -1 -1 -1 -1 -1 -1 -1 -1 -1 -1 -1 -1 -1 -1 -1 -1 -1 -1 -1 -1 -1 -1 -1 -1 -1 -1 -1 -1 -1 -1 -1 -1 -1 -1 -1 -1 -1 -1 -1 -1 -1 -1 -1 -1 -1 -1 -1 -1 -1 -1 -1 -1 -1 -1 -1 -1 -1 -1 -1 -1 -1 -1 -1 -1 -1 -1 -1 -1 -1 -1 -1 -1 -1 -1 -1 -1 -1 -1 -1 -1 -1 -1 -1 -1 -1 -1 -1 -1 -1 -1 -1 -1 -1 -1 -1 -1 -1 -1 -1 -1 -1 -1 -1 -1 -1 -1 -1 -1 -1 -1 -1 -1 -1 -1 -1 -1 -1 -1 -1 -1 -1 -1 -1 -1 -1 -1 -1 -1 -1 -1 -1 -1 -1 -1 -1 -1 -1 -1 -1 -1 -1 -1 -1 -1 -1 -1 -1 -1 -1 -1 -1 -1 -1 -1 -1 -1 -1 -1 -1 -1 -1 -1 -1 -1 -1 -1 -1 -1 -1 -1 -1 -1 -1 -1 -1 -1 -1 -1 -1 -1 -1 -1 -1 -1 -1 -1 -1 -1 -1 -1 -1 -1 -1 -1 -1 -1 -1 -1 -1 -1 -1 -1 -1 -1 -1 -1 -1
470 2 243987
6 179 215 231 167 389 194 213 11 52 436 33 203 459 32 92 307 96 367 444 54 38 200 319 288 63 88 148 17 254 428 119 296 400 276 259 29 42 362 110 451 394 256 330 69 114 60 66 164 199 272 235 47 310 57 270 244 466 279 201 295 429 284 443 439 211 412 251 374 357 454 65 309 341 282 125 224 187 338 430 450 414 255 465 77 73 376 208 432 126 293 225 212 238 315 455 20 460 103 196 138 124 160 232 31 271 8 380 398 267 115 136 89 234 113 261 356 396 230 431 446 343 137 121 12 106 287 101 229 377 265 19 206 26 409 186 13 156 360 434 205 363 264 120 388 118 112 83 80 247 150 181 56 1 274 348 170 297 354 140 159 452 221 228 442 16 440 74 320 340 30 411 321 78 216 347 306 289 361 385 308 410 172 352 143 94 273 41 37 243 149 151 97 24 405 91 139 353 173 146 134 369 10 445 437 169 197 391 421 34 237 14 142 468 305 359 192 162 457 165 344 252 342 339 3 324 241 323 375 395 383 350 222 239 301 333 171 174 141 71 379 392 425 268 190 422 426 195 329 275 116 370 365 464 406 4 364 253 355 72 318 433 158 176 250 133 48 390 420 207 123 185 458 417 189 302 76 304 135 260 144 182 290 366 407 419 469 58 447 62 219 438 332 109 427 448 470 49 46 218 193 408 266 85 204 372 461 27 55 397 300 21 298 102 99 424 127 9 382 286 435 456 87 153 95 64 147 220 453 327 299 180 184 25 378 35 316 122 404 418 51 23 373 281 129 166 128 441 423 314 70 292 311 188 175 401 104 249 403 117 217 322 202 130 346 278 98 81 132 18 248 210 59 467 152 191 334 155 345 413 371 168 90 50 462 145 381 336 258 399 39 368 242 335 108 15 331 105 303 240 263 416 262 163 393 79 43 214 100 67 226 107 325 84 313 161 223 246 111 415 40 61 402 312 183 233 7 36 198 463 93 257 131 280 157 326 285 337 178 82 86 68 387 236 28 5 317 269 209 358 386 45 245 22 349 53 283 291 44 328 384 2 294 449 154 351 75 277 227 177
-1 -1 -1 -1 -1 -1 -1 -1 -1 -1 -1 -1 -1 -1 -1 -1 -1 -1 -1 -1 -1 -1 -1 -1 -1 -1 -1 -1 -1 -1 -1 -1 -1 -1 -1 -1 -1 -1 -1 -1 -1 -1 -1 -1 -1 -1 -1 -1 -1 -1 -1 -1 -1 -1 -1 -1 -1 -1 -1 -1 -1 -1 -1 -1 -1 -1 -1 -1 -1 -1 -1 -1 -1 -1 -1 -1 -1 -1 -1 -1 -1 -1 -1 -1 -1 -1 -1 -1 -1 -1 -1 -1 -1 -1 -1 -1 -1 -1 -1 -1 -1 -1 -1 -1 -1 -1 -1 -1 -1 -1 -1 -1 -1 -1 -1 -1 -1 -1 -1 -1 -1 -1 -1 -1 -1 -1 -1 -1 -1 -1 -1 -1 -1 -1 -1 -1 -1 -1 -1 -1 -1 -1 -1 -1 -1 -1 -1 -1 -1 -1 -1 -1 -1 -1 -1 -1 -1 -1 -1 -1 -1 -1 -1 -1 -1 -1 -1 -1 -1 -1 -1 -1 -1 -1 -1 -1 0 -1 -1 -1 -1 -1 -1 -1 -1 -1 -1 -1 -1 -1 -1 -1 -1 -1 -1 -1 -1 -1 -1 -1 -1 -1 -1 -1 -1 -1 -1 -1 -1 -1 -1 -1 -1 -1 -1 -1 -1 -1 -1 -1 -1 -1 -1 -1 -1 -1 -1 -1 -1 -1 -1 -1 -1 -1 -1 -1 -1 -1 -1 -1 -1 -1 -1 -1 -1 -1 -1 -1 -1 -1 -1 -1 -1 -1 -1 -1 -1 -1 -1 -1 -1 -1 -1 -1 -1 -1 -1 -1 -1 -1 -1 -1 -1 -1 -1 -1 -1 -1 -1 -1 -1 -1 -1 -1 -1 -1 -1 -1 -1 -1 -1 -1 -1 -1 -1 -1 -1 -1 -1 -1 -1 -1 -1 -1 -1 -1 -1 -1 -1 -1 -1 -1 -1 -1 -1 -1 -1 -1 -1 -1 -1 -1 -1 -1 -1 -1 -1 -1 -1 -1 -1 -1 -1 -1 -1 -1 -1 -1 -1 -1 -1 -1 -1 -1 -1 -1 -1 -1 -1 -1 -1 -1 -1 -1 -1 -1 -1 -1 -1 -1 -1 -1 -1 -1 -1 -1 -1 -1 -1 -1 -1 -1 -1 -1 -1 -1 -1 -1 -1 -1 -1 -1 -1 -1 -1 -1 -1 -1 -1 -1 -1 -1 -1 -1 -1 -1 -1 -1 -1 -1 -1 -1 -1 -1 -1 -1 -1 -1 -1 -1 -1 -1 -1 -1 -1 -1 -1 -1 -1 -1 -1 -1 -1 -1 -1 -1 -1 -1 -1 -1 -1 -1 -1 -1 -1 -1 -1 -1 -1 -1 -1 -1 -1 -1 -1 -1 -1 -1 -1 -1 -1 -1 -1 -1 -1 -1 -1 -1 -1 -1 -1 -1 -1 -1 -1 -1 -1 -1 -1 -1
426 2 972456
386 180 249 270 335 215 154 350 80 418 354 291 174 83 334 72 268 141 246 231 272 330 389 390 25 299 73 192 226 336 184 132 186 411 64 66 117 107 214 410 181 203 198 407 365 177 360 224 301 408 312 387 292 295 156 146 323 114 61 55 27 155 39 67 274 124 423 122 121 372 252 417 310 104 47 265 223 164 230 316 15 298 225 42 311 87 324 281 361 191 380 57 368 307 200 237 370 142 260 35 189 271 405 362 242 397 276 53 152 102 309 273 388 332 385 204 137 349 421 168 115 150 116 220 278 347 96 303 166 425 211 321 197 255 111 93 229 263 74 337 16 118 288 51 257 374 366 363 79 313 159 139 233 284 381 78 256 402 384 161 239 13 406 95 375 70 14 8 31 138 348 86 358 48 12 240 238 30 169 49 376 36 82 355 126 134 4 140 58 3 135 373 399 193 63 88 392 127 235 5 52 304 112 45 136 212 286 258 329 207 283 65 60 173 208 29 290 195 34 394 7 254 243 378 379 182 262 40 318 232 275 176 160 221 133 170 241 148 419 338 353 400 314 250 19 201 98 297 331 245 401 228 333 123 183 412 21 236 157 32 205 409 167 44 391 351 424 84 17 383 196 76 1 327 404 94 190 227 71 261 110 420 213 100 426 37 199 38 285 119 356 145 253 206 113 62 129 28 153 267 125 217 68 279 75 222 59 302 218 308 277 91 264 9 345 6 269 317 106 108 364 322 414 2 234 99 369 422 24 50 178 101 403 10 352 109 188 105 328 185 26 296 194 341 187 89 315 41 287 81 22 143 251 266 147 92 395 247 131 219 415 54 171 11 103 282 343 306 325 382 216 413 377 320 342 202 393 346 359 340 396 172 162 46 248 149 97 33 259 144 244 20 367 280 179 151 371 43 293 344 319 305 69 128 294 300 163 77 158 23 357 85 326 398 175 416 120 289 165 56 339 90 18 130 209 210
-1 -1 -1 -1 -1 -1 -1 -1 -1 -1 -1 -1 -1 -1 -1 -1 -1 -1 -1 -1 -1 -1 -1 -1 -1 -1 -1 -1 -1 -1 -1 -1 -1 -1 -1 -1 -1 -1 -1 -1 -1 -1 -1 -1 -1 -1 -1 -1 -1 -1 -1 -1 -1 -1 -1 -1 -1 -1 -1 -1 -1 -1 -1 -1 -1 -1 -1 -1 -1 -1 -1 -1 -1 -1 -1 -1 -1 -1 -1 -1 -1 -1 -1 -1 -1 -1 -1 -1 -1 -1 -1 -1 -1 -1 -1 -1 -1 -1 -1 -1 -1 -1 -1 -1 -1 -1 -1 -1 -1 -1 -1 -1 -1 -1 -1 -1 -1 -1 -1 -1 -1 -1 -1 -1 -1 -1 -1 -1 -1 -1 -1 -1 -1 -1 -1 -1 -1 -1 -1 -1 -1 -1 -1 -1 -1 -1 -1 -1 -1 -1 -1 -1 -1 -1 -1 -1 -1 -1 -1 -1 -1 -1 -1 -1 -1 -1 -1 -1 -1 -1 -1 -1 -1 -1 -1 -1 -1 -1 -1 -1 -1 -1 -1 -1 -1 -1 -1 -1 -1 -1 -1 -1 -1 -1 -1 -1 -1 -1 -1 -1 -1 -1 -1 -1 -1 -1 -1 -1 -1 0 -1 -1 -1 -1 -1 -1 -1 -1 -1 -1 -1 -1 -1 -1 -1 -1 -1 -1 -1 -1 -1 -1 -1 -1 -1 -1 -1 -1 -1 -1 -1 -1 -1 -1 -1 -1 -1 -1 -1 -1 -1 -1 -1 -1 -1 -1 -1 -1 -1 -1 -1 -1 -1 -1 -1 -1 -1 -1 -1 -1 -1 -1 -1 -1 -1 -1 -1 -1 -1 -1 -1 -1 -1 -1 -1 -1 -1 -1 -1 -1 -1 -1 -1 -1 -1 -1 -1 -1 -1 -1 -1 -1 -1 -1 -1 -1 -1 -1 -1 -1 -1 -1 -1 -1 -1 -1 -1 -1 -1 -1 -1 -1 -1 -1 -1 -1 -1 -1 -1 -1 -1 -1 -1 -1 -1 -1 -1 -1 -1 -1 -1 -1 -1 -1 -1 -1 -1 -1 -1 -1 -1 -1 -1 -1 -1 -1 -1 -1 -1 -1 -1 -1 -1 -1 -1 -1 -1 -1 -1 -1 -1 -1 -1 -1 -1 -1 -1 -1 -1 -1 -1 -1 -1 -1 -1 -1 -1 -1 -1 -1 -1 -1 -1 -1 -1 -1 -1 -1 -1 -1 -1 -1 -1 -1 -1 -1 -1 -1 -1 -1 -1 -1 -1 -1 -1 -1 -1 -1 -1 -1 -1 -1 -1 -1 -1 -1
112 1 337009
39 82 101 93 104 35 33 75 63 59 83 68 14 5 60 79 95 109 87 6 69 51 88 76 2 85 72 66 74 3 13 25 92 32 53 64 78 11 43 40 108 24 112 111 7 10 91 9 70 96 54 71 49 44 45 99 17 107 52 94 89 98 97 61 73 34 38 80 102 15 86 21 29 57 81 67 19 36 28 37 16 18 58 23 84 62 31 26 42 46 41 12 65 50 77 48 4 56 27 1 100 110 47 22 55 106 30 105 103 90 20 8
-1 -1 -1 -1 -1 -1 -1 2458 -1 -1 -1 -1 -1 -1 -1 -1 -1 -1 -1 -1 -1 -1 -1 -1 -1 -1 -1 -1 -1 -1 -1 -1 -1 -1 -1 -1 -1 -1 -1 -1 -1 -1 -1 -1 -1 -1 -1 -1 -1 -1 -1 -1 -1 -1 -1 -1 -1 -1 -1 -1 -1 -1 -1 -1 -1 -1 -1 -1 -1 -1 -1 -1 -1 -1 -1 -1 -1 -1 -1 -1 -1 -1 -1 -1 -1 -1 -1 -1 -1 -1 -1 -1 -1 -1 -1 -1 -1 -1 -1 -1 -1 -1 -1 -1 -1 -1 -1 -1 -1 -1 -1 -1
487 1 611127
109 152 256 416 169 22 253 305 46 237 76 249 451 411 244 341 193 20 229 195 487 156 299 408 268 356 134 230 328 226 101 127 465 454 42 331 144 85 131 269 33 274 132 382 414 375 220 343 218 315 178 282 404 29 342 84 322 34 75 145 242 435 406 283 159 81 338 329 50 439 228 293 292 23 446 459 30 426 473 171 214 390 332 130 472 196 246 64 444 483 172 41 429 222 405 372 117 48 313 326 442 347 149 25 115 43 90 56 319 438 260 272 259 31 265 179 97 314 54 262 112 70 358 6 72 367 86 458 345 188 225 421 3 104 128 60 40 77 213 99 241 15 27 192 303 466 53 344 316 135 154 357 32 166 284 208 200 73 174 352 325 448 301 74 69 236 370 369 432 52 278 422 415 36 359 182 420 306 392 2 366 119 290 61 419 443 58 424 351 378 167 47 37 183 380 371 469 55 198 93 224 98 122 478 87 142 215 279 120 1 153 245 355 441 88 457 38 417 456 92 185 285 111 199 389 63 275 138 402 19 247 270 176 333 124 24 339 449 26 461 294 79 463 324 250 137 94 209 479 309 140 431 44 368 238 162 180 9 235 312 62 434 17 95 317 102 453 277 289 383 28 475 68 323 374 460 346 349 21 219 82 45 205 83 377 353 486 387 175 418 103 410 126 379 91 350 118 96 409 304 216 71 18 252 471 141 186 147 254 89 464 239 436 258 206 280 360 330 223 170 181 403 397 391 105 14 4 240 348 362 310 386 302 191 234 266 151 385 298 210 187 143 433 177 190 173 136 80 189 470 400 264 381 485 212 66 163 354 113 462 133 13 467 232 106 297 5 267 107 217 376 311 231 197 16 296 243 207 407 398 123 125 388 337 114 286 39 430 440 450 288 423 340 11 255 480 281 445 12 273 257 100 395 65 251 148 399 364 221 108 184 336 121 211 35 158 477 427 203 164 307 233 484 248 365 396 447 394 204 287 67 261 155 481 194 276 318 291 468 59 455 327 10 49 150 474 361 384 373 334 320 437 295 201 110 168 161 363 227 263 425 300 165 393 482 157 78 308 413 51 8 401 202 412 139 321 476 146 7 335 452 57 160 428 271 116 129
-1 -1 -1 -1 -1 -1 -1 -1 -1 -1 -1 -1 -1 -1 -1 -1 -1 -1 -1 -1 -1 -1 -1 -1 -1 -1 -1 -1 -1 -1 -1 -1 -1 -1 -1 -1 -1 -1 -1 -1 -1 -1 -1 -1 -1 -1 -1 -1 -1 -1 -1 -1 -1 -1 -1 -1 -1 -1 -1 -1 -1 -1 -1 -1 -1 -1 -1 -1 -1 -1 -1 -1 -1 -1 -1 -1 -1 -1 -1 -1 -1 -1 -1 -1 -1 -1 -1 -1 -1 -1 -1 -1 -1 -1 -1 -1 -1 -1 -1 -1 -1 -1 -1 -1 -1 -1 -1 -1 -1 -1 -1 -1 -1 -1 -1 -1 -1 -1 -1 -1 -1 -1 -1 -1 -1 -1 -1 -1 1045 -1 -1 -1 -1 -1 -1 -1 -1 -1 -1 -1 -1 -1 -1 -1 -1 -1 -1 -1 -1 -1 -1 -1 -1 -1 -1 -1 -1 -1 -1 -1 -1 -1 -1 -1 -1 -1 -1 -1 -1 -1 -1 -1 -1 -1 -1 -1 -1 -1 -1 -1 -1 -1 -1 -1 -1 -1 -1 -1 -1 -1 -1 -1 -1 -1 -1 -1 -1 -1 -1 -1 -1 -1 -1 -1 -1 -1 -1 -1 -1 -1 -1 -1 -1 -1 -1 -1 -1 -1 -1 -1 -1 -1 -1 -1 -1 -1 -1 -1 -1 -1 -1 -1 -1 -1 -1 -1 -1 -1 -1 -1 -1 -1 -1 -1 -1 -1 -1 -1 -1 -1 -1 -1 -1 -1 -1 -1 -1 -1 -1 -1 -1 -1 -1 -1 -1 -1 -1 -1 -1 -1 -1 -1 -1 -1 -1 -1 -1 -1 -1 -1 -1 -1 -1 -1 -1 -1 -1 -1 -1 -1 -1 -1 -1 -1 -1 -1 -1 -1 -1 -1 -1 -1 -1 -1 -1 -1 -1 -1 -1 -1 -1 -1 -1 -1 -1 -1 -1 -1 -1 -1 -1 -1 -1 -1 -1 -1 -1 -1 -1 -1 -1 -1 -1 -1 -1 -1 -1 -1 -1 -1 -1 -1 -1 -1 -1 -1 -1 -1 -1 -1 -1 -1 -1 -1 -1 -1 -1 -1 -1 -1 -1 -1 -1 -1 -1 -1 -1 -1 -1 -1 -1 -1 -1 -1 -1 -1 -1 -1 -1 -1 -1 -1 -1 -1 -1 -1 -1 -1 -1 -1 -1 -1 -1 -1 -1 -1 -1 -1 -1 -1 -1 -1 -1 -1 -1 -1 -1 -1 -1 -1 -1 -1 -1 -1 -1 -1 -1 -1 -1 -1 -1 -1 -1 -1 -1 -1 -1 -1 -1 -1 -1 -1 -1 -1 -1 -1 -1 -1 -1 -1 -1 -1 -1 -1 -1 -1 -1 -1 -1 -1 -1 -1 -1 -1 -1 -1 -1 -1 -1 -1 -1 -1 -1 -1 -1 -1 -1 -1 -1 -1 -1 -1 -1 -1 -1 -1 -1 -1 -1 -1 -1 -1 -1 -1 -1 -1 -1
126 2 753445
61 111 113 65 104 22 58 64 114 28 10 24 78 85 70 16 115 93 12 29 81 83 92 43 122 51 50 55 1 62 99 47 66 103 49 37 109 101 56 88 35 126 77 4 5 32 38 87 100 67 123 118 17 13 19 73 45 89 54 31 86 91 82 46 44 48 106 27 120 71 9 112 36 121 8 34 57 110 72 25 84 102 59 74 53 40 23 80 21 108 52 11 18 39 30 42 107 116 94 76 33 96 75 79 105 3 98 117 15 124 97 69 95 119 6 90 26 7 68 41 63 2 125 20 60 14
-1 -1 -1 -1 -1 -1 -1 -1 -1 -1 -1 -1 -1 0 -1 -1 -1 -1 -1 -1 -1 -1 -1 -1 -1 -1 -1 -1 -1 -1 -1 -1 -1 -1 -1 -1 -1 -1 -1 -1 -1 -1 -1 -1 -1 -1 -1 -1 -1 -1 -1 -1 -1 -1 -1 -1 -1 -1 -1 -1 -1 -1 -1 -1 -1 -1 -1 -1 -1 -1 -1 -1 -1 -1 -1 -1 -1 -1 -1 -1 -1 -1 -1 -1 -1 -1 -1 -1 -1 -1 -1 -1 -1 -1 -1 -1 -1 -1 -1 -1 -1 -1 -1 -1 -1 -1 -1 -1 -1 -1 -1 -1 -1 -1 -1 -1 -1 -1 -1 -1 -1 -1 -1 -1 -1 -1